<?xml version="1.0"?>
<opencv_storage>
<calibrationDate>"Thu May 26 12:19:32 2016&#x0a;"</calibrationDate>
<leftCameraMat type_id="opencv-matrix">
  <rows>3</rows>
  <cols>3</cols>
  <dt>d</dt>
  <data>
    5.2294500306742191e+02 0. 3.1063585825455590e+02 0.
    5.2079665886521775e+02 2.3885519153090456e+02 0. 0. 1.</data></leftCameraMat>
<leftCameraDistorsion type_id="opencv-matrix">
  <rows>1</rows>
  <cols>5</cols>
  <dt>d</dt>
  <data>
    3.7413576175631895e-02 3.5023553885904462e-03 0. 0.
    -2.0330217432988831e-01</data></leftCameraDistorsion>
<rightCameraMat type_id="opencv-matrix">
  <rows>3</rows>
  <cols>3</cols>
  <dt>d</dt>
  <data>
    5.2294500306742191e+02 0. 3.1950628590281229e+02 0.
    5.2079665886521775e+02 2.2859265933481910e+02 0. 0. 1.</data></rightCameraMat>
<rightCameraDistorsion type_id="opencv-matrix">
  <rows>1</rows>
  <cols>5</cols>
  <dt>d</dt>
  <data>
    1.3894183933871745e-01 -6.9661506736912804e-01 0. 0.
    1.1687918692611998e+00</data></rightCameraDistorsion>
<rotationMat type_id="opencv-matrix">
  <rows>3</rows>
  <cols>3</cols>
  <dt>d</dt>
  <data>
    9.9978996074202542e-01 -2.0488632471497466e-02
    -5.0033879235139534e-04 2.0494172379334256e-02
    9.9964607967757857e-01 1.6961847886778545e-02 1.5263664489498951e-04
    -1.6968539262293050e-02 9.9985601232245369e-01</data></rotationMat>
<translationMat type_id="opencv-matrix">
  <rows>3</rows>
  <cols>1</cols>
  <dt>d</dt>
  <data>
    -8.7700833243240027e+01 -7.4363189250292594e-01
    -4.4647799617913861e+00</data></translationMat>
<leftRectificationMat type_id="opencv-matrix">
  <rows>3</rows>
  <cols>3</cols>
  <dt>d</dt>
  <data>
    9.9864237586136295e-01 -1.2859185114108615e-02
    5.0478178376140125e-02 1.2443644155522378e-02 9.9988612473129412e-01
    8.5377567291114349e-03 -5.0582218754252652e-02
    -7.8980331751545129e-03 9.9868867031616071e-01</data></leftRectificationMat>
<leftProjectionMat type_id="opencv-matrix">
  <rows>3</rows>
  <cols>4</cols>
  <dt>d</dt>
  <data>
    5.2079665886521775e+02 0. 2.7196821594238281e+02 0. 0.
    5.2079665886521775e+02 2.3430757522583008e+02 0. 0. 0. 1. 0.</data></leftProjectionMat>
<rightRectificationMat type_id="opencv-matrix">
  <rows>3</rows>
  <cols>3</cols>
  <dt>d</dt>
  <data>
    9.9867083268463219e-01 8.4679181922595360e-03 5.0841541149660267e-02
    -8.0495405921212626e-03 9.9993208303092840e-01
    -8.4281802118807321e-03 -5.0909457286826311e-02
    8.0077267009648744e-03 9.9867116883979568e-01</data></rightRectificationMat>
<rightProjectionMat type_id="opencv-matrix">
  <rows>3</rows>
  <cols>4</cols>
  <dt>d</dt>
  <data>
    5.2079665886521775e+02 0. 2.8394414520263672e+02
    -4.5735090520259939e+04 0. 5.2079665886521775e+02
    2.3430757522583008e+02 0. 0. 0. 1. 0.</data></rightProjectionMat>
<disparity2DepthMat type_id="opencv-matrix">
  <rows>4</rows>
  <cols>4</cols>
  <dt>d</dt>
  <data>
    1. 0. 0. -2.7196821594238281e+02 0. 1. 0. -2.3430757522583008e+02 0.
    0. 0. 5.2079665886521775e+02 0. 0. 1.1387244519271540e-02
    1.3637283483200996e-01</data></disparity2DepthMat>
<leftValidPixROI>
  0 4 636 468</leftValidPixROI>
<rightValidPixROI>
  21 20 602 443</rightValidPixROI>
<imageSize>
  640 480</imageSize>
<errorRMS>3.3848789327152573e-01</errorRMS>
</opencv_storage>
