<?xml version="1.0"?>
<opencv_storage>
<calibrationDate>"Mon May 30 13:33:56 2016&#x0a;"</calibrationDate>
<leftCameraMat type_id="opencv-matrix">
  <rows>3</rows>
  <cols>3</cols>
  <dt>d</dt>
  <data>
    5.2657675066511160e+02 0. 3.0919084043248813e+02 0.
    5.2493600834980577e+02 2.3604164150901286e+02 0. 0. 1.</data></leftCameraMat>
<leftCameraDistorsion type_id="opencv-matrix">
  <rows>1</rows>
  <cols>5</cols>
  <dt>d</dt>
  <data>
    -4.7934742255714523e-04 1.8469174107453620e-01
    -1.8856589352590001e-03 -3.2513807469916172e-05
    -6.2717916387019046e-01</data></leftCameraDistorsion>
<rightCameraMat type_id="opencv-matrix">
  <rows>3</rows>
  <cols>3</cols>
  <dt>d</dt>
  <data>
    5.2657675066511160e+02 0. 3.2002468317096481e+02 0.
    5.2493600834980577e+02 2.2284006860548163e+02 0. 0. 1.</data></rightCameraMat>
<rightCameraDistorsion type_id="opencv-matrix">
  <rows>1</rows>
  <cols>5</cols>
  <dt>d</dt>
  <data>
    1.2780414601802600e-01 -5.5549939879057486e-01
    -2.3515644095958902e-03 -1.7090048516154083e-03
    6.6010896675512054e-01</data></rightCameraDistorsion>
<rotationMat type_id="opencv-matrix">
  <rows>3</rows>
  <cols>3</cols>
  <dt>d</dt>
  <data>
    9.9974979137116349e-01 -2.0339353494255290e-02
    -9.3094227936420040e-03 2.0486877793179026e-02
    9.9966151521639879e-01 1.6035673778831663e-02 8.9801164581760490e-03
    -1.6222382521981358e-02 9.9982808112880495e-01</data></rotationMat>
<translationMat type_id="opencv-matrix">
  <rows>3</rows>
  <cols>1</cols>
  <dt>d</dt>
  <data>
    -9.8215870567833235e+01 1.2123100228419036e-01
    -3.1345634956634600e+00</data></translationMat>
<leftRectificationMat type_id="opencv-matrix">
  <rows>3</rows>
  <cols>3</cols>
  <dt>d</dt>
  <data>
    9.9950144207617064e-01 -2.2079746962032867e-02
    2.2568829427944265e-02 2.1900773723996687e-02 9.9972695576404880e-01
    8.1467802865918659e-03 -2.2742545986440047e-02
    -7.6484438182094182e-03 9.9971209751068557e-01</data></leftRectificationMat>
<leftProjectionMat type_id="opencv-matrix">
  <rows>3</rows>
  <cols>4</cols>
  <dt>d</dt>
  <data>
    5.2478990370773658e+02 0. 3.6151309204101563e+02 0. 0.
    5.2478990370773658e+02 3.0159510898590088e+02 0. 0. 0. 1. 0.</data></leftProjectionMat>
<rightRectificationMat type_id="opencv-matrix">
  <rows>3</rows>
  <cols>3</cols>
  <dt>d</dt>
  <data>
    9.9949034319425090e-01 -1.2337030194638039e-03
    3.1898774871430079e-02 1.4856521883179171e-03 9.9996788098764988e-01
    -7.8759018940530376e-03 -3.1888033790338353e-02
    7.9192783717437088e-03 9.9946007340516474e-01</data></rightRectificationMat>
<rightProjectionMat type_id="opencv-matrix">
  <rows>3</rows>
  <cols>4</cols>
  <dt>d</dt>
  <data>
    5.2478990370773658e+02 0. 2.9623390197753906e+02
    -5.1568979739354414e+04 0. 5.2478990370773658e+02
    3.0159510898590088e+02 0. 0. 0. 1. 0.</data></rightProjectionMat>
<disparity2DepthMat type_id="opencv-matrix">
  <rows>4</rows>
  <cols>4</cols>
  <dt>d</dt>
  <data>
    1. 0. 0. -3.6151309204101563e+02 0. 1. 0. -3.0159510898590088e+02 0.
    0. 0. 5.2478990370773658e+02 0. 0. 1.0176464734423430e-02
    -6.6431137557269371e-01</data></disparity2DepthMat>
<leftValidPixROI>
  70 74 246 187</leftValidPixROI>
<rightValidPixROI>
  7 82 626 398</rightValidPixROI>
<imageSize>
  640 480</imageSize>
<errorRMS>2.9466826780660182e-01</errorRMS>
</opencv_storage>
