<?xml version="1.0"?>
<opencv_storage>
<calibrationDate>"Thu May 19 11:26:07 2016&#x0a;"</calibrationDate>
<leftCameraMat type_id="opencv-matrix">
  <rows>3</rows>
  <cols>3</cols>
  <dt>d</dt>
  <data>
    5.3536489461044130e+02 0. 3.1100618829887702e+02 0.
    5.3152549955605798e+02 2.3831689643641286e+02 0. 0. 1.</data></leftCameraMat>
<leftCameraDistorsion type_id="opencv-matrix">
  <rows>1</rows>
  <cols>5</cols>
  <dt>d</dt>
  <data>
    7.0550264633165646e-02 -2.1048964193178196e-01 0. 0.
    1.6016039268348442e-01</data></leftCameraDistorsion>
<rightCameraMat type_id="opencv-matrix">
  <rows>3</rows>
  <cols>3</cols>
  <dt>d</dt>
  <data>
    5.3536489461044130e+02 0. 3.2101782404250037e+02 0.
    5.3152549955605798e+02 2.3184749236108203e+02 0. 0. 1.</data></rightCameraMat>
<rightCameraDistorsion type_id="opencv-matrix">
  <rows>1</rows>
  <cols>5</cols>
  <dt>d</dt>
  <data>
    9.6372513631102927e-02 -3.5395548365712542e-01 0. 0.
    3.5800323530227446e-01</data></rightCameraDistorsion>
<rotationMat type_id="opencv-matrix">
  <rows>3</rows>
  <cols>3</cols>
  <dt>d</dt>
  <data>
    9.9974145298327477e-01 -2.0512734211943481e-02
    -9.8109592823901245e-03 2.0726684606258552e-02
    9.9953807889285995e-01 2.2226861865850395e-02 9.3504936833965196e-03
    -2.2424463835754766e-02 9.9970481227688190e-01</data></rotationMat>
<translationMat type_id="opencv-matrix">
  <rows>3</rows>
  <cols>1</cols>
  <dt>d</dt>
  <data>
    -9.7809693319718107e+01 1.3596358867060312e-01
    -4.5351621599101684e+00</data></translationMat>
<leftRectificationMat type_id="opencv-matrix">
  <rows>3</rows>
  <cols>3</cols>
  <dt>d</dt>
  <data>
    9.9907184866224708e-01 -2.2917290758627567e-02
    3.6472441581071886e-02 2.2517593809822697e-02 9.9968221880384844e-01
    1.1332227337560499e-02 -3.6720555273797410e-02
    -1.0500437690822349e-02 9.9927040465966221e-01</data></leftRectificationMat>
<leftProjectionMat type_id="opencv-matrix">
  <rows>3</rows>
  <cols>4</cols>
  <dt>d</dt>
  <data>
    5.3152549955605798e+02 0. 2.8467131805419922e+02 0. 0.
    5.3152549955605798e+02 2.3486050224304199e+02 0. 0. 0. 1. 0.</data></leftProjectionMat>
<rightRectificationMat type_id="opencv-matrix">
  <rows>3</rows>
  <cols>3</cols>
  <dt>d</dt>
  <data>
    9.9892580827118960e-01 -1.3885897511631039e-03
    4.6317398332089955e-02 1.8943762814046170e-03 9.9993903940320272e-01
    -1.0877904940952744e-02 -4.6299469848530388e-02
    1.0953962566255080e-02 9.9886754366925057e-01</data></rightRectificationMat>
<rightProjectionMat type_id="opencv-matrix">
  <rows>3</rows>
  <cols>4</cols>
  <dt>d</dt>
  <data>
    5.3152549955605798e+02 0. 2.8763570404052734e+02
    -5.2044251607797225e+04 0. 5.3152549955605798e+02
    2.3486050224304199e+02 0. 0. 0. 1. 0.</data></rightProjectionMat>
<disparity2DepthMat type_id="opencv-matrix">
  <rows>4</rows>
  <cols>4</cols>
  <dt>d</dt>
  <data>
    1. 0. 0. -2.8467131805419922e+02 0. 1. 0. -2.3486050224304199e+02 0.
    0. 0. 5.3152549955605798e+02 0. 0. 1.0212953076193822e-02
    3.0275134978095683e-02</data></disparity2DepthMat>
<leftValidPixROI>
  9 7 625 465</leftValidPixROI>
<rightValidPixROI>
  5 3 630 464</rightValidPixROI>
<imageSize>
  640 480</imageSize>
<errorRMS>1.3812164686545585e+00</errorRMS>
</opencv_storage>
